<?xml version="1.0"?>

<!DOCTYPE scatterer>

<!-- weights: absorption, scattering, transmission -->
<homogeneous_scatterer 
    mcweights="0, 1, 0.1"
    max_multiplescattering_loops="3"
    >
  
 <KernelContainer average="yes">

  <E_vQ_Kernel 
     E_Q="S:=2; JR:=-33.0/S; J1:=-43.0/S; J2:=11.0/S; J3:=15.0/S;
        J1p:=8.0/S; J2p:=6.0/S; J5:=0.0/S; A:=-0.08/S;
        b:=5.44930;
        x1:=S/sqrt(2);
        x21:=8*(A^2)+(J1p+J2p+2*J3)^2;
        x22:=4*(J1p+J2p+2*J3)*J5-16*(J5)^2;
        x23:=-8*A*(J1p+J2p+2*J3+J5);
        x24:=-12*(J1p+J2p+2*J3)*J5*cos(b*Qy)-((J1p+J2p+2*J3)^2)*cos(2*b*Qy);
        x20:=x21+x22+x23+x24;
        x1*sqrt(x20)" 
     S_Q="1"
     Emax="50*meV"
     orientation="0.93316089156,0.0,-0.359458969096,0.0,1.0,0.0,0.359458969096,0.0,0.93316089156"
    />
    
  <E_vQ_Kernel
    E_Q="S:=2; JR:=-33.0/S; J1:=-43.0/S; J2:=11.0/S; J3:=15.0/S;
        J1p:=8.0/S; J2p:=6.0/S; J5:=0.0/S; A:=-0.08/S;
        b:=5.44930;
        x11:=2*A+2*J1-J1p-J2p-2*(J3+J5-JR)+(J1p-J2p-2*J3)*cos(b*Qy);
        x12:=2*A+2*J1-J1p-J2p-2*J3+2*JR+(0.0-J1p+J2p+2*J3)*cos(b*Qy);
        x1:=x11*x12;
        S*sqrt(x1)"
    S_Q="1"
    Emax="200*meV"
    orientation="0.93316089156,0.0,-0.359458969096,0.0,1.0,0.0,0.359458969096,0.0,0.93316089156"
    />
    
  <E_vQ_Kernel
    E_Q="S:=2; JR:=-33.0/S; J1:=-43.0/S; J2:=11.0/S; J3:=15.0/S;
        J1p:=8.0/S; J2p:=6.0/S; J5:=0.0/S; A:=-0.08/S;
        b:=5.44930;
        x11:=2*A-J1p+2*J2-J2p-2*(J3+J5-JR)+(0.0-J1p+J2p-2*J3)*cos(b*Qy);
        x12:=2*A-J1p+2*J2-J2p-2*J3+2*JR+(J1p-J2p+2*J3)*cos(b*Qy);
        x1:=x11*x12;
        S*sqrt(x1)"
    S_Q="1"
    Emax="100*meV"
    orientation="0.93316089156,0.0,-0.359458969096,0.0,1.0,0.0,0.359458969096,0.0,0.93316089156"
    />
    
  <E_vQ_Kernel
    E_Q="S:=2; JR:=-33.0/S; J1:=-43.0/S; J2:=11.0/S; J3:=15.0/S;
        J1p:=8.0/S; J2p:=6.0/S; J5:=0.0/S; A:=-0.08/S;
        b:=5.44930;
        x1:=8*(A^2)+8*((J1)^2)+((J1p)^2)-8*J1p*J2+8*((J2)^2);
        x12:=2*J1p*J2p-8*J2*J2p;
        x2:=((J2p)^2)+12*J1p*J3-16*J2*J3+12*J2p*J3+4*((J3)^2);
        x22:=8*A*(2*J1-J1p+2*J2-J2p-2*J3-J5);
        x3:=4*(J1p-2*J2+J2p+2*J3)*J5-16*((J5)^2)-8*J1*(J1p-2*J2+J2p+2*J3+J5);
        x4:=(J1p+J2p-2*J3)*(12*J5*cos(b*Qy)-(J1p+J2p-2*J3)*cos(2*b*Qy));
        x0:=x1+x12+x2+x22+x3+x4;
        (S/sqrt(2))*sqrt(x0)"
    S_Q="1"
    Emax="120*meV"
    orientation="0.93316089156,0.0,-0.359458969096,0.0,1.0,0.0,0.359458969096,0.0,0.93316089156"
    />
    
 </KernelContainer>
  
</homogeneous_scatterer>